[DEFAULT]
ATSMultiplier=0.900000
Lx=1.000000
Ly=1.000000
N=500
bUseAdaptiveTimeStep=1
depenetrationBonus=0.000001
depenetrationSteps=5
dt=0.016667
maxRandV=0.100000
nAvg=1
particleMass=1.000000
particleRadius=0.010000
xWrap=1
yWrap=1
